%YAML:1.0
---
cameraMatrix: !!opencv-matrix
   rows: 3
   cols: 3
   dt: d
   data: [ 3.5858622506170752e+02, 0., 9.2638245359244479e+02, 0.,
       3.5888614931443948e+02, 5.5511071903585332e+02, 0., 0., 1. ]
distCoeffs: !!opencv-matrix
   rows: 4
   cols: 1
   dt: d
   data: [ -6.0217213307700412e-02, -4.2870180249941638e-02,
       6.7075762276546033e-02, -3.9464742508270617e-02 ]
